$ mosquitto_sub -v -h iltaserver.northeurope.azurecontainer.io -p 1883 -u ilta -P B0pR04d22Nf8 -t '#' 
sensmax-2smx/device/051001041/settings {"messageType":"settings","id":"27486D3E","collector_id":"TAC-B","collector_serial":"051001041","collector_frm":"1.8","time_zone":"UTC+02:00","dst":true,"power_profile":"ImmediateDelivery","make_beep":false}
sensmax-2smx/device/051001041/sync_list {"messageType":"sync_list","id":"495480B8","collector_id":"TAC-B","collector_serial":"051001041","collector_frm":"1.8","device_list":{"051001041G1":"Gate 1"}}
sensmax-2smx/device/051001041/5_min_data/20220408/151001041G1 {"messageType":"5_min_data","id":"8356AE24","collector_id":"TAC-B","collector_serial":"051001041","collector_frm":"1.8","sensor_serial":"151001041G1","sensor_name":"Gate 1","direction":"IN","date":"2022-04-08","in_today":9,"out_today":9,"first_entry_time":"07:46:00","last_entry_time":"13:39:26","visits":[0,0,0,0,0,0,0,0,0,0,0,0,0,0,0,0,0,0,0,0,0,0,0,0,0,0,0,0,0,0,0,0,0,0,0,0,0,0,0,0,0,0,0,0,0,0,0,0,0,0,0,0,0,0,0,0,0,0,0,0,0,0,0,0,0,0,0,0,0,0,0,0,0,0,0,0,0,0,0,0,0,0,0,0,0,0,0,0,0,0,0,0,0,0,1,0,0,0,0,0,0,0,0,0,0,0,0,0,0,0,0,0,2,1,0,0,0,0,0,0,0,1,0,0,0,0,0,0,0,0,0,0,0,0,0,0,0,0,0,0,1,0,0,0,0,0,0,0,0,0,0,0,0,0,0,0,1,0,0,0,0,0,1,0,1,0,0,0,0,0,0,0,0,0,0,0,0,0,0,0,0,0,0,0,0,0,0,0,0,0,0,0,0,0,0,0,0,0,0,0,0,0,0,0,0,0,0,0,0,0,0,0,0,0,0,0,0,0,0,0,0,0,0,0,0,0,0,0,0,0,0,0,0,0,0,0,0,0,0,0,0,0,0,0,0,0,0,0,0,0,0,0,0,0,0,0,0,0,0,0,0,0,0,0,0,0,0,0,0,0,0,0,0,0,0,0,0,0,0,0,0,0,0,0,0,0,0,0]}
sensmax-2smx/device/051001041/5_min_data/20220408/251001041G1 {"messageType":"5_min_data","id":"24CAC48A","collector_id":"TAC-B","collector_serial":"051001041","collector_frm":"1.8","sensor_serial":"251001041G1","sensor_name":"Gate 1","direction":"OUT","date":"2022-04-08","in_today":9,"out_today":9,"first_entry_time":"07:46:00","last_entry_time":"13:39:26","visits":[0,0,0,0,0,0,0,0,0,0,0,0,0,0,0,0,0,0,0,0,0,0,0,0,0,0,0,0,0,0,0,0,0,0,0,0,0,0,0,0,0,0,0,0,0,0,0,0,0,0,0,0,0,0,0,0,0,0,0,0,0,0,0,0,0,0,0,0,0,0,0,0,0,0,0,0,0,0,0,0,0,0,0,0,0,0,0,0,0,0,0,0,0,0,0,0,0,0,0,0,0,0,0,0,0,0,0,0,0,0,0,0,3,0,0,0,0,0,2,0,0,0,0,0,0,0,0,0,0,0,1,0,0,0,0,0,0,0,0,0,1,0,0,0,0,0,0,0,0,0,0,0,0,0,0,0,0,0,0,0,0,0,1,0,1,0,0,0,0,0,0,0,0,0,0,0,0,0,0,0,0,0,0,0,0,0,0,0,0,0,0,0,0,0,0,0,0,0,0,0,0,0,0,0,0,0,0,0,0,0,0,0,0,0,0,0,0,0,0,0,0,0,0,0,0,0,0,0,0,0,0,0,0,0,0,0,0,0,0,0,0,0,0,0,0,0,0,0,0,0,0,0,0,0,0,0,0,0,0,0,0,0,0,0,0,0,0,0,0,0,0,0,0,0,0,0,0,0,0,0,0,0,0,0,0,0,0,0]}
sensmax-2smx/device/051001041/ping/20220408/051001041G1 {"messageType":"ping","id":"43549CD0","collector_id":"TAC-B","collector_serial":"051001041","collector_frm":"1.8","sensor_serial":"051001041G1","sensor_name":"Gate 1","date":"2022-04-08","time":"13:56:00.163"}
sensmax-2smx/device/051001041/5_min_data/20220408/151001041G1 {"messageType":"5_min_data","id":"436A60B5","collector_id":"TAC-B","collector_serial":"051001041","collector_frm":"1.8","sensor_serial":"151001041G1","sensor_name":"Gate 1","direction":"IN","date":"2022-04-08","in_today":9,"out_today":9,"first_entry_time":"07:46:00","last_entry_time":"13:39:26","visits":[0,0,0,0,0,0,0,0,0,0,0,0,0,0,0,0,0,0,0,0,0,0,0,0,0,0,0,0,0,0,0,0,0,0,0,0,0,0,0,0,0,0,0,0,0,0,0,0,0,0,0,0,0,0,0,0,0,0,0,0,0,0,0,0,0,0,0,0,0,0,0,0,0,0,0,0,0,0,0,0,0,0,0,0,0,0,0,0,0,0,0,0,0,0,1,0,0,0,0,0,0,0,0,0,0,0,0,0,0,0,0,0,2,1,0,0,0,0,0,0,0,1,0,0,0,0,0,0,0,0,0,0,0,0,0,0,0,0,0,0,1,0,0,0,0,0,0,0,0,0,0,0,0,0,0,0,1,0,0,0,0,0,1,0,1,0,0,0,0,0,0,0,0,0,0,0,0,0,0,0,0,0,0,0,0,0,0,0,0,0,0,0,0,0,0,0,0,0,0,0,0,0,0,0,0,0,0,0,0,0,0,0,0,0,0,0,0,0,0,0,0,0,0,0,0,0,0,0,0,0,0,0,0,0,0,0,0,0,0,0,0,0,0,0,0,0,0,0,0,0,0,0,0,0,0,0,0,0,0,0,0,0,0,0,0,0,0,0,0,0,0,0,0,0,0,0,0,0,0,0,0,0,0,0,0,0,0,0]}
sensmax-2smx/device/051001041/5_min_data/20220408/251001041G1 
               {"messageType": "5_min_data",
                "id":"94CFFB00",
                "collector_id":"TAC-B",
                "collector_serial":"051001041",
                "collector_frm":"1.8",
                "sensor_serial":"251001041G1",
                "sensor_name":"Gate 1",
                "direction":"OUT",
                "date":"2022-04-08",
                "in_today":9,
                "out_today":9,
                "first_entry_time":"07:46:00",
                "last_entry_time":"13:39:26",
                "visits":[0,0,0,0,0,0,0,0,0,0,0,0,0,0,0,0,0,0,0,0,0,0,0,0,0,0,0,0,0,0,0,0,0,0,0,0,0,0,0,0,0,0,0,0,0,0,0,0,0,0,0,0,0,0,0,0,0,0,0,0,0,0,0,0,0,0,0,0,0,0,0,0,0,0,0,0,0,0,0,0,0,0,0,0,0,0,0,0,0,0,0,0,0,0,0,0,0,0,0,0,0,0,0,0,0,0,0,0,0,0,0,0,3,0,0,0,0,0,2,0,0,0,0,0,0,0,0,0,0,0,1,0,0,0,0,0,0,0,0,0,1,0,0,0,0,0,0,0,0,0,0,0,0,0,0,0,0,0,0,0,0,0,1,0,1,0,0,0,0,0,0,0,0,0,0,0,0,0,0,0,0,0,0,0,0,0,0,0,0,0,0,0,0,0,0,0,0,0,0,0,0,0,0,0,0,0,0,0,0,0,0,0,0,0,0,0,0,0,0,0,0,0,0,0,0,0,0,0,0,0,0,0,0,0,0,0,0,0,0,0,0,0,0,0,0,0,0,0,0,0,0,0,0,0,0,0,0,0,0,0,0,0,0,0,0,0,0,0,0,0,0,0,0,0,0,0,0,0,0,0,0,0,0,0,0,0,0,0]}